32768
17173
42366
42384
17153
32680
48301
23106
23008
48237
32737
17048
42204
42340
17073
32505
48220
23062
22847
48111
32706
16923
42043
42295
16993
32330
48139
23017
22686
47985
32675
16799
41881
42249
16913
32155
48057
22973
22526
47859
32644
16675
41719
42204
16833
31980
47975
22929
22365
47732
32613
16551
41557
42159
16754
31805
47893
22886
22205
47606
32582
16427
41395
42113
16675
31630
47811
22842
22045
47479
32551
16304
41232
42067
16597
31455
47728
22799
21885
47351
32521
16181
41070
42021
16519
31280
47645
22756
21726
47224
32490
16059
40907
41975
16441
31106
47562
22713
21567
47096
32459
15937
40744
41929
16363
30931
47478
22671
21408
46968
32428
15815
40581
41882
16286
30756
47394
22628
21249
46839
32398
15694
40418
41835
16209
30582
47310
22586
21090
46711
32367
15572
40255
41789
16133
30407
47226
22544
20932
46582
32336
15452
40092
41742
16057
30232
47141
22503
20774
46453
32306
15331
39928
41695
15981
30058
47057
22461
20616
46323
32275
15211
39765
41647
15905
29884
46972
22420
20458
46194
32245
15092
39601
41600
15830
29709
46886
22379
20301
46064
32214
14973
39437
41552
15756
29535
46801
22338
20144
45934
32184
14854
39273
41505
15681
29361
46715
22297
19988
45804
32153
14735
39109
41457
15607
29187
46629
22257
19831
45673
32123
14617
38946
41409
15534
29014
46543
22217
19675
45543
32093
14500
38781
41361
15460
28840
46456
22177
19519
45412
32063
14382
38617
41313
15388
28666
46370
22138
19364
45281
32032
14265
38453
41265
15315
28493
46283
22099
19208
45150
32002
14149
38289
41216
15243
28320
46196
22059
19054
45018
31972
14033
38124
41168
15171
28146
46108
22021
18899
44887
31942
13917
37960
41119
15100
27973
46021
21982
18745
44755
31912
13802
37796
41071
15029
27800
45933
21944
18591
44623
31883
13687
37631
41022
14959
27628
45845
21906
18437
44491
31853
13573
37467
40973
14889
27455
45757
21868
18284
44359
31823
13459
37302
40924
14819
27283
45669
21831
18131
44226
31794
13346
37138
40875
14750
27110
45580
21794
17979
44093
31764
13232
36973
40826
14681
26938
45492
21757
17826
43961
31735
13120
36809
40777
14613
26767
45403
21720
17674
43828
31706
13008
36644
40727
14545
26595
45314
21684
17523
43695
31676
12896
36479
40678
14477
26423
45225
21648
17372
43562
31647
12785
36315
40628
14410
26252
45135
21612
17221
43428
31618
12674
36150
40579
14343
26081
45046
21577
17071
43295
31589
12564
35986
40529
14277
25910
44956
21542
16921
43161
31560
12454
35821
40479
14211
25739
44866
21507
16771
43028
31532
12344
35657
40430
14146
25569
44776
21472
16622
42894
31503
12236
35492
40380
14081
25399
44686
21438
16473
42760
31475
12127
35328
40330
14016
25229
44596
21404
16325
42626
31446
12019
35163
40280
13952
25059
44506
21370
16177
42492
31418
11912
34999
40230
13888
24889
44415
21337
16029
42357
31390
11805
34835
40180
13825
24720
44325
21304
15882
42223
31362
11699
34670
40130
13763
24551
44234
21271
15735
42089
31334
11593
34506
40080
13700
24382
44143
21239
15589
41954
31306
11487
34342
40029
13639
24214
44052
21207
15443
41820
31278
11382
34178
39979
13577
24046
43961
21175
15298
41685
31251
11278
34014
39929
13517
23878
43869
21144
15153
41550
31224
11174
33850
39878
13456
23710
43778
21113
15008
41416
31196
11071
33686
39828
13396
23542
43687
21082
14864
41281
31169
10968
33522
39778
13337
23375
43595
21052
14720
41146
31142
10866
33359
39727
13278
23209
43503
21022
14577
41011
31115
10764
33195
39677
13220
23042
43412
20992
14434
40876
31089
10663
33032
39626
13162
22876
43320
20963
14292
40741
31062
10562
32868
39576
13105
22710
43228
20934
14150
40606
31036
10462
32705
39526
13048
22544
43136
20905
14009
40471
31010
10362
32542
39475
12991
22379
43044
20877
13868
40336
30984
10263
32379
39425
12935
22214
42951
20849
13728
40201
30958
10165
32216
39374
12880
22049
42859
20821
13588
40066
30932
10067
32054
39324
12825
21885
42767
20794
13449
39930
30906
9970
31891
39273
12771
21721
42674
20767
13310
39795
30881
9873
31729
39223
12717
21557
42582
20740
13172
39660
30856
9777
31566
39172
12664
21394
42489
20714
13034
39525
30831
9681
31404
39122
12611
21231
42397
20689
12897
39390
30806
9586
31242
39071
12559
21069
42304
20663
12760
39254
30781
9492
31080
39021
12507
20906
42212
20638
12624
39119
30756
9398
30919
38970
12456
20745
42119
20613
12488
38984
30732
9305
30757
38920
12405
20583
42026
20589
12353
38849
30708
9212
30596
38869
12355
20422
41933
20565
12218
38714
30684
9120
30435
38819
12305
20261
41841
20542
12084
38579
30660
9028
30274
38769
12256
20101
41748
20518
11950
38444
30636
8938
30114
38718
12208
19941
41655
20496
11817
38309
30613
8847
29953
38668
12160
19782
41562
20473
11685
38174
30589
8758
29793
38618
12112
19623
41469
20451
11553
38039
30566
8669
29633
38568
12065
19464
41376
20430
11422
37904
30544
8580
29473
38518
12019
19306
41283
20409
11291
37769
30521
8493
29313
38468
11973
19148
41190
20388
11161
37635
30498
8406
29154
38417
11928
18990
41097
20367
11031
37500
30476
8319
28995
38367
11884
18833
41004
20347
10902
37365
30454
8233
28836
38318
11839
18677
40911
20328
10774
37231
30432
8148
28677
38268
11796
18520
40819
20309
10646
37096
30411
8063
28519
38218
11753
18365
40726
20290
10519
36962
30389
7979
28361
38168
11711
18210
40633
20271
10392
36828
30368
7896
28203
38118
11669
18055
40540
20253
10266
36694
30347
7814
28045
38069
11628
17900
40447
20236
10141
36560
30326
7732
27888
38019
11587
17746
40354
20219
10016
36426
30306
7650
27730
37970
11547
17593
40261
20202
9892
36292
30285
7570
27574
37920
11508
17440
40169
20186
9768
36158
30265
7490
27417
37871
11469
17288
40076
20170
9645
36024
30245
7410
27261
37822
11431
17136
39983
20154
9523
35891
30226
7332
27105
37773
11393
16984
39891
20139
9401
35758
30206
7254
26949
37724
11356
16833
39798
20125
9280
35624
30187
7177
26794
37675
11320
16683
39705
20111
9160
35491
30168
7100
26638
37626
11284
16533
39613
20097
9040
35358
30150
7024
26484
37577
11249
16383
39520
20084
8921
35225
30131
6949
26329
37528
11214
16234
39428
20071
8802
35093
30113
6874
26175
37480
11180
16086
39336
20058
8684
34960
30095
6800
26021
37431
11147
15938
39243
20046
8567
34828
30077
6727
25868
37383
11114
15790
39151
20035
8451
34695
30060
6655
25714
37334
11082
15643
39059
20024
8335
34563
30043
6583
25561
37286
11050
15497
38967
20013
8220
34431
30026
6512
25409
37238
11019
15351
38875
20003
8105
34300
30009
6442
25257
37190
10989
15206
38783
19993
7992
34168
29993
6372
25105
37142
10959
15061
38692
19984
7879
34037
29976
6303
24954
37095
10930
14917
38600
19975
7766
33905
29960
6235
24802
37047
10902
14773
38508
19967
7654
33774
29945
6168
24652
37000
10874
14630
38417
19959
7543
33643
29929
6101
24501
36952
10847
14487
38325
19951
7433
33513
29914
6035
24351
36905
10820
14345
38234
19944
7323
33382
29899
5970
24202
36858
10794
14204
38143
19938
7215
33252
29885
5905
24052
36811
10769
14063
38052
19932
7106
33122
29871
5841
23903
36765
10744
13923
37961
19926
6999
32992
29856
5778
23755
36718
10721
13783
37870
19921
6892
32863
29843
5716
23607
36671
10697
13644
37780
19916
6786
32733
29829
5655
23459
36625
10675
13506
37689
19912
6681
32604
29816
5594
23312
36579
10653
13368
37598
19909
6576
32475
29803
5534
23165
36533
10631
13230
37508
19905
6472
32346
29790
5474
23019
36487
10611
13094
37418
19903
6369
32218
29778
5416
22873
36441
10590
12958
37328
19900
6267
32090
29766
5358
22727
36396
10571
12822
37238
19898
6165
31962
29754
5301
22582
36350
10552
12687
37148
19897
6064
31834
29743
5245
22437
36305
10534
12553
37059
19896
5964
31706
29732
5189
22293
36260
10517
12419
36969
19896
5865
31579
29721
5134
22149
36215
10500
12286
36880
19896
5766
31452
29710
5080
22005
36170
10484
12154
36791
19897
5668
31326
29700
5027
21862
36126
10469
12022
36702
19898
5571
31199
29690
4975
21720
36081
10454
11891
36613
19899
5475
31073
29680
4923
21578
36037
10440
11761
36524
19901
5379
30947
29671
4872
21436
35993
10427
11631
36436
19904
5284
30821
29661
4822
21295
35949
10414
11502
36348
19907
5190
30696
29653
4773
21154
35905
10402
11373
36259
19910
5097
30571
29644
4724
21014
35862
10391
11246
36171
19915
5005
30446
29636
4677
20874
35819
10380
11118
36084
19919
4913
30322
29628
4630
20735
35776
10370
10992
35996
19924
4822
30198
29620
4584
20596
35733
10361
10866
35909
19930
4732
30074
29613
4538
20458
35690
10352
10741
35822
19936
4643
29950
29606
4494
20320
35647
10344
10617
35735
19942
4554
29827
29600
4450
20183
35605
10337
10493
35648
19949
4466
29704
29593
4407
20046
35563
10330
10370
35561
19957
4380
29581
29587
4365
19909
35521
10325
10247
35475
19965
4293
29459
29582
4324
19774
35479
10319
10126
35388
19973
4208
29337
29576
4283
19638
35438
10315
10005
35302
19983
4124
29215
29571
4244
19503
35396
10311
9884
35217
19992
4040
29094
29567
4205
19369
35355
10308
9765
35131
20002
3957
28973
29562
4167
19235
35314
10306
9646
35046
20013
3875
28852
29558
4129
19102
35274
10304
9528
34961
20024
3794
28732
29554
4093
18969
35233
10303
9410
34876
20036
3714
28612
29551
4057
18837
35193
10303
9294
34791
20048
3634
28492
29548
4023
18706
35153
10303
9178
34707
20060
3555
28373
29545
3989
18575
35113
10304
9062
34622
20074
3478
28254
29543
3956
18444
35074
10306
8948
34538
20087
3401
28136
29541
3923
18314
35034
10309
8834
34455
20101
3324
28017
29539
3892
18185
34995
10312
8721
34371
20116
3249
27900
29538
3861
18056
34956
10316
8608
34288
20131
3175
27782
29536
3831
17927
34918
10321
8497
34205
20147
3101
27665
29536
3802
17800
34879
10326
8386
34122
20163
3028
27548
29535
3774
17672
34841
10332
8276
34040
20180
2956
27432
29535
3747
17546
34803
10339
8167
33957
20198
2885
27316
29536
3721
17420
34766
10347
8058
33875
20215
2815
27200
29536
3695
17294
34728
10355
7950
33794
20234
2746
27085
29537
3670
17169
34691
10364
7843
33712
20253
2677
26970
29539
3646
17045
34654
10373
7737
33631
20272
2609
26856
29540
3623
16921
34617
10384
7631
33550
20292
2543
26742
29542
3601
16798
34581
10395
7527
33469
20313
2477
26628
29545
3580
16676
34545
10407
7423
33389
20334
2412
26515
29547
3559
16554
34509
10419
7319
33309
20355
2348
26403
29551
3540
16433
34473
10433
7217
33229
20377
2284
26290
29554
3521
16312
34438
10447
7115
33150
20400
2222
26178
29558
3503
16192
34402
10461
7014
33070
20423
2160
26067
29562
3486
16072
34367
10477
6914
32991
20447
2100
25956
29566
3470
15953
34333
10493
6815
32913
20471
2040
25845
29571
3454
15835
34298
10510
6717
32834
20496
1981
25735
29576
3440
15717
34264
10527
6619
32756
20521
1923
25625
29582
3426
15600
34230
10546
6522
32678
20547
1866
25515
29588
3413
15484
34197
10565
6426
32601
20573
1810
25407
29594
3401
15368
34163
10585
6331
32523
20600
1755
25298
29601
3390
15253
34130
10605
6236
32447
20627
1700
25190
29608
3380
15139
34098
10626
6143
32370
20655
1647
25082
29615
3371
15025
34065
10648
6050
32294
20684
1594
24975
29623
3362
14912
34033
10671
5958
32218
20713
1543
24868
29631
3355
14799
34001
10695
5866
32142
20742
1492
24762
29639
3348
14687
33969
10719
5776
32067
20772
1442
24656
29648
3342
14576
33938
10744
5687
31992
20803
1393
24551
29657
3337
14465
33907
10769
5598
31917
20834
1345
24446
29667
3333
14355
33876
10796
5510
31842
20866
1298
24342
29677
3330
14246
33845
10823
5423
31768
20898
1252
24238
29687
3328
14137
33815
10850
5337
31695
20930
1206
24134
29698
3326
14030
33785
10879
5251
31621
20964
1162
24031
29709
3326
13922
33755
10908
5167
31548
20998
1119
23929
29720
3326
13816
33726
10938
5083
31475
21032
1076
23827
29732
3327
13710
33697
10969
5000
31403
21067
1034
23725
29744
3329
13604
33668
11001
4918
31331
21102
994
23624
29756
3332
13500
33639
11033
4837
31259
21138
954
23523
29769
3336
13396
33611
11066
4757
31187
21175
915
23423
29782
3341
13293
33583
11099
4677
31116
21212
877
23324
29796
3346
13190
33556
11134
4599
31046
21249
840
23225
29810
3353
13089
33528
11169
4521
30975
21287
804
23126
29824
3360
12987
33501
11205
4444
30905
21326
769
23028
29839
3368
12887
33475
11241
4368
30836
21365
735
22930
29854
3377
12787
33448
11279
4293
30766
21405
702
22833
29869
3387
12688
33422
11317
4219
30697
21445
669
22737
29885
3398
12590
33396
11356
4145
30629
21486
638
22641
29901
3410
12492
33371
11395
4073
30560
21527
608
22545
29918
3423
12395
33345
11435
4001
30492
21569
578
22450
29935
3436
12299
33320
11476
3930
30425
21612
550
22355
29952
3451
12204
33296
11518
3860
30358
21654
522
22261
29970
3466
12109
33272
11560
3791
30291
21698
495
22168
29988
3482
12015
33248
11604
3723
30224
21742
470
22075
30006
3499
11922
33224
11648
3656
30158
21786
445
21982
30025
3517
11829
33201
11692
3589
30093
21832
421
21891
30044
3536
11737
33177
11738
3524
30027
21877
398
21799
30064
3556
11646
33155
11784
3459
29962
21923
376
21708
30084
3577
11556
33132
11830
3396
29898
21970
355
21618
30104
3598
11466
33110
11878
3333
29834
22017
335
21528
30124
3620
11377
33088
11926
3271
29770
22065
316
21439
30146
3644
11289
33067
11975
3210
29706
22113
298
21350
30167
3668
11201
33046
12025
3150
29643
22162
281
21262
30189
3693
11115
33025
12075
3090
29581
22211
265
21175
30211
3719
11029
33004
12127
3032
29518
22261
249
21088
30233
3746
10944
32984
12179
2975
29456
22311
235
21001
30256
3774
10859
32964
12231
2918
29395
22362
222
20915
30280
3802
10775
32945
12285
2862
29334
22414
209
20830
30303
3832
10692
32926
12339
2808
29273
22466
198
20745
30327
3862
10610
32907
12393
2754
29213
22518
187
20661
30352
3893
10529
32888
12449
2701
29153
22571
178
20577
30376
3926
10448
32870
12505
2649
29093
22625
169
20494
30402
3959
10368
32852
12562
2598
29034
22679
162
20411
30427
3993
10289
32834
12620
2548
28975
22733
155
20329
30453
4027
10210
32817
12678
2498
28917
22788
149
20248
30479
4063
10133
32800
12737
2450
28859
22844
145
20167
30506
4100
10056
32783
12797
2402
28802
22900
141
20087
30533
4137
9980
32767
12858
2356
28744
22957
138
20007
30560
4175
9904
32751
12919
2310
28688
23014
136
19928
30588
4215
9830
32735
12981
2265
28631
23072
135
19849
30616
4255
9756
32720
13044
2222
28575
23130
135
19771
30645
4296
9683
32705
13107
2179
28520
23189
136
19694
30674
4338
9611
32690
13171
2137
28465
23248
138
19617
30703
4380
9539
32676
13236
2096
28410
23308
141
19541
30732
4424
9468
32662
13301
2056
28356
23368
145
19465
30762
4469
9398
32648
13368
2017
28302
23429
150
19390
30793
4514
9329
32635
13435
1978
28249
23490
156
19315
30824
4560
9261
32622
13502
1941
28196
23552
163
19242
30855
4607
9193
32609
13570
1905
28143
23614
170
19168
30886
4655
9127
32597
13640
1869
28091
23677
179
19096
30918
4704
9061
32585
13709
1835
28039
23740
189
19023
30950
4754
8995
32573
13780
1801
27988
23804
199
18952
30983
4805
8931
32562
13851
1768
27937
23868
211
18881
31015
4856
8867
32551
13923
1736
27886
23933
223
18811
31049
4909
8804
32540
13995
1706
27836
23999
237
18741
31082
4962
8742
32530
14068
1676
27787
24064
251
18672
31116
5016
8681
32520
14142
1647
27738
24131
267
18603
31151
5071
8621
32510
14217
1619
27689
24198
283
18535
31185
5127
8561
32501
14292
1592
27640
24265
301
18468
31221
5183
8502
32492
14368
1565
27593
24333
319
18401
31256
5241
8444
32484
14445
1540
27545
24401
338
18335
31292
5299
8387
32475
14522
1516
27498
24470
358
18270
31328
5359
8330
32467
14600
1492
27451
24539
379
18205
31364
5419
8275
32460
14679
1470
27405
24609
402
18141
31401
5480
8220
32452
14758
1449
27359
24679
425
18077
31439
5542
8166
32445
14838
1428
27314
24750
449
18014
31476
5604
8112
32439
14919
1408
27269
24821
474
17951
31514
5668
8060
32432
15000
1390
27225
24893
500
17890
31552
5732
8008
32426
15082
1372
27181
24965
527
17828
31591
5798
7958
32421
15165
1355
27137
25038
554
17768
31630
5864
7908
32415
15249
1339
27094
25111
583
17708
31669
5931
7858
32410
15333
1324
27051
25184
613
17648
31709
5999
7810
32406
15417
1310
27009
25259
644
17590
31749
6067
7762
32401
15503
1297
26967
25333
675
17532
31789
6137
7715
32397
15589
1285
26926
25408
708
17474
31830
6207
7670
32394
15676
1274
26885
25484
741
17417
31871
6278
7624
32391
15763
1263
26844
25560
776
17361
31913
6350
7580
32388
15851
1254
26804
25636
811
17305
31954
6423
7536
32385
15940
1246
26764
25713
848
17250
31997
6497
7494
32383
16029
1238
26725
25790
885
17196
32039
6572
7452
32381
16119
1232
26686
25868
923
17142
32082
6647
7411
32379
16210
1226
26648
25946
962
17089
32125
6723
7370
32378
16301
1221
26610
26025
1003
17037
32168
6800
7331
32377
16393
1218
26573
26104
1044
16985
32212
6878
7292
32376
16486
1215
26536
26184
1086
16934
32256
6957
7255
32376
16579
1213
26499
26264
1129
16883
32301
7036
7217
32376
16673
1212
26463
26345
1173
16833
32345
7117
7181
32376
16767
1212
26428
26426
1217
16784
32391
7198
7146
32377
16862
1213
26392
26507
1263
16735
32436
7280
7111
32378
16958
1215
26358
26589
1310
16687
32482
7362
7078
32379
17054
1218
26323
26671
1357
16640
32528
7446
7045
32381
17151
1221
26289
26754
1406
16593
32574
7530
7013
32383
17249
1226
26256
26837
1455
16547
32621
7616
6981
32385
17347
1232
26223
26921
1506
16501
32668
7702
6951
32388
17446
1238
26190
27005
1557
16456
32716
7788
6921
32391
17546
1246
26158
27090
1609
16412
32763
7876
6892
32394
17646
1254
26127
27174
1662
16368
32811
7964
6864
32398
17746
1263
26096
27260
1717
16325
32860
8054
6837
32402
17848
1273
26065
27346
1772
16283
32908
8144
6811
32406
17950
1285
26034
27432
1827
16241
32957
8234
6785
32410
18052
1297
26005
27518
1884
16200
33007
8326
6760
32415
18155
1310
25975
27605
1942
16159
33056
8418
6736
32421
18259
1324
25946
27693
2001
16120
33106
8512
6713
32426
18363
1338
25918
27781
2060
16080
33156
8606
6691
32432
18468
1354
25890
27869
2121
16042
33207
8700
6669
32438
18573
1371
25862
27958
2182
16004
33258
8796
6649
32445
18680
1389
25835
28047
2244
15967
33309
8892
6629
32452
18786
1407
25808
28136
2307
15930
33360
8989
6610
32459
18893
1426
25782
28226
2372
15894
33412
9087
6592
32466
19001
1447
25756
28316
2437
15859
33464
9185
6574
32474
19110
1468
25730
28407
2502
15824
33516
9285
6558
32482
19219
1490
25705
28498
2569
15790
33569
9385
6542
32490
19328
1513
25681
28589
2637
15756
33622
9486
6527
32499
19438
1537
25657
28681
2705
15723
33675
9587
6513
32508
19549
1562
25633
28773
2775
15691
33728
9690
6500
32517
19660
1588
25610
28866
2845
15660
33782
9793
6487
32527
19772
1615
25587
28959
2916
15629
33836
9897
6475
32537
19884
1642
25565
29052
2988
15598
33890
10001
6464
32547
19997
1671
25543
29146
3061
15569
33945
10107
6454
32558
20110
1700
25522
29240
3135
15540
34000
10213
6445
32569
20224
1731
25501
29335
3210
15511
34055
10320
6437
32580
20339
1762
25480
29430
3285
15483
34110
10427
6429
32591
20454
1794
25460
29525
3362
15456
34166
10536
6422
32603
20569
1827
25440
29620
3439
15430
34222
10645
6416
32615
20686
1861
25421
29716
3517
15404
34278
10754
6411
32628
20802
1896
25402
29812
3596
15379
34335
10865
6406
32640
20919
1932
25384
29909
3676
15354
34392
10976
6403
32653
21037
1968
25366
30006
3757
15330
34449
11088
6400
32666
21155
2006
25348
30103
3839
15307
34506
11201
6398
32680
21274
2044
25331
30201
3921
15284
34564
11314
6397
32694
21393
2083
25315
30299
4004
15262
34621
11428
6396
32708
21513
2124
25299
30397
4088
15240
34679
11543
6397
32722
21633
2165
25283
30496
4173
15220
34738
11658
6398
32737
21754
2207
25268
30595
4259
15199
34796
11774
6400
32752
21875
2249
25253
30694
4346
15180
34855
11891
6403
32767
21997
2293
25238
30794
4433
15161
34914
12009
6406
32783
22119
2338
25224
30894
4522
15142
34973
12127
6410
32799
22242
2383
25211
30994
4611
15125
35033
12246
6416
32815
22365
2429
25197
31095
4701
15108
35093
12365
6422
32832
22489
2477
25185
31196
4792
15091
35153
12486
6428
32848
22613
2525
25172
31297
4883
15075
35213
12606
6436
32865
22738
2573
25161
31399
4976
15060
35274
12728
6444
32883
22863
2623
25149
31501
5069
15046
35334
12850
6453
32900
22989
2674
25138
31603
5163
15032
35395
12973
6463
32918
23115
2725
25128
31705
5258
15018
35456
13097
6474
32936
23241
2778
25117
31808
5354
15006
35518
13221
6485
32954
23368
2831
25108
31911
5450
14993
35579
13346
6498
32973
23496
2885
25098
32015
5548
14982
35641
13471
6511
32992
23624
2940
25089
32118
5646
14971
35703
13598
6524
33011
23752
2996
25081
32222
5745
14961
35766
13724
6539
33031
23881
3052
25073
32326
5845
14951
35828
13852
6554
33050
24010
3110
25065
32431
5945
14942
35891
13980
6571
33070
24140
3168
25058
32535
6046
14934
35954
14109
6587
33090
24270
3227
25051
32641
6148
14926
36017
14238
6605
33111
24401
3287
25045
32746
6251
14919
36080
14368
6624
33132
24532
3348
25039
32851
6355
14912
36143
14499
6643
33153
24663
3409
25033
32957
6459
14906
36207
14630
6663
33174
24795
3472
25028
33063
6564
14901
36271
14762
6684
33195
24927
3535
25023
33170
6670
14896
36335
14894
6705
33217
25060
3599
25019
33276
6777
14892
36399
15027
6727
33239
25193
3664
25015
33383
6885
14888
36464
15161
6750
33261
25326
3730
25011
33490
6993
14885
36528
15295
6774
33284
25460
3796
25008
33597
7102
14883
36593
15430
6799
33307
25594
3864
25005
33705
7211
14881
36658
15565
6824
33330
25729
3932
25003
33813
7322
14880
36723
15701
6850
33353
25864
4001
25001
33921
7433
14879
36789
15838
6877
33376
25999
4071
25000
34029
7545
14879
36854
15975
6905
33400
26135
4141
24999
34137
7658
14880
36920
16113
6933
33424
26271
4213
24998
34246
7771
14881
36986
16251
6962
33448
26408
4285
24997
34355
7885
14883
37052
16390
6992
33472
26545
4358
24998
34464
8000
14885
37118
16529
7022
33497
26682
4432
24998
34573
8116
14888
37184
16669
7054
33522
26820
4506
24999
34683
8232
14892
37251
16810
7086
33547
26958
4582
25000
34793
8349
14896
37317
16951
7118
33572
27096
4658
25002
34903
8467
14901
37384
17092
7152
33598
27235
4735
25004
35013
8585
14906
37451
17234
7186
33624
27374
4813
25006
35123
8704
14912
37518
17377
7221
33650
27513
4891
25009
35233
8824
14918
37585
17520
7257
33676
27653
4970
25012
35344
8945
14926
37653
17664
7293
33702
27793
5050
25016
35455
9066
14933
37720
17808
7330
33729
27933
5131
25019
35566
9188
14941
37788
17953
7368
33756
28074
5213
25024
35677
9310
14950
37856
18098
7407
33783
28215
5295
25028
35789
9434
14959
37924
18244
7446
33810
28356
5378
25033
35900
9558
14969
37992
18391
7486
33837
28498
5462
25039
36012
9682
14980
38060
18537
7527
33865
28640
5546
25045
36124
9808
14991
38128
18685
7568
33893
28782
5632
25051
36236
9934
15002
38196
18832
7610
33921
28924
5718
25057
36348
10060
15015
38265
18981
7653
33949
29067
5805
25064
36460
10187
15027
38333
19130
7696
33977
29210
5892
25072
36573
10315
15041
38402
19279
7741
34006
29354
5980
25079
36685
10444
15055
38471
19428
7786
34035
29497
6069
25087
36798
10573
15069
38540
19579
7831
34064
29641
6159
25095
36911
10703
15084
38609
19729
7878
34093
29786
6250
25104
37024
10834
15099
38678
19880
7925
34122
29930
6341
25113
37137
10965
15115
38747
20032
7972
34152
30075
6433
25123
37250
11096
15132
38816
20184
8021
34181
30220
6525
25132
37364
11229
15149
38886
20337
8070
34211
30365
6619
25143
37477
11362
15167
38955
20489
8119
34241
30510
6713
25153
37591
11495
15185
39025
20643
8170
34272
30656
6807
25164
37705
11630
15204
39094
20797
8221
34302
30802
6903
25175
37818
11764
15223
39164
20951
8273
34333
30948
6999
25186
37932
11900
15243
39234
21105
8325
34363
31095
7096
25198
38046
12036
15263
39304
21261
8378
34394
31241
7193
25210
38160
12173
15284
39374
21416
8432
34425
31388
7292
25223
38275
12310
15306
39443
21572
8486
34456
31535
7390
25236
38389
12448
15328
39513
21728
8542
34488
31683
7490
25249
38503
12586
15350
39584
21885
8597
34519
31830
7590
25263
38618
12725
15373
39654
22042
8654
34551
31978
7691
25276
38732
12864
15397
39724
22199
8711
34583
32126
7793
25291
38847
13004
15421
39794
22357
8768
34615
32274
7895
25305
38961
13145
15445
39864
22516
8827
34647
32422
7998
25320
39076
13286
15470
39935
22674
8886
34679
32571
8101
25335
39191
13428
15496
40005
22833
8945
34712
32719
8206
25351
39305
13570
15522
40075
22992
9006
34744
32868
8310
25366
39420
13713
15549
40146
23152
9066
34777
33017
8416
25382
39535
13857
15576
40216
23312
9128
34810
33166
8522
25399
39650
14001
15603
40287
23473
9190
34842
33316
8629
25416
39765
14145
15631
40357
23633
9253
34876
33465
8736
25433
39880
14290
15660
40428
23795
9316
34909
33615
8844
25450
39995
14436
15689
40498
23956
9380
34942
33765
8953
25468
40110
14582
15719
40569
24118
9445
34975
33915
9062
25485
40225
14728
15749
40639
24280
9510
35009
34065
9172
25504
40340
14875
15779
40710
24442
9576
35043
34215
9283
25522
40455
15023
15810
40780
24605
9642
35076
34365
9394
25541
40570
15171
15842
40851
24768
9709
35110
34516
9506
25560
40685
15319
15874
40921
24932
9777
35144
34666
9618
25580
40800
15469
15907
40992
25095
9845
35178
34817
9731
25599
40915
15618
15940
41063
25259
9914
35212
34968
9844
25619
41030
15768
15973
41133
25424
9984
35247
35119
9959
25640
41146
15919
16007
41204
25588
10054
35281
35270
10073
25660
41261
16069
16041
41274
25753
10124
35316
35421
10189
25681
41376
16221
16076
41345
25918
10195
35350
35572
10305
25702
41491
16373
16111
41415
26084
10267
35385
35723
10421
25724
41606
16525
16147
41485
26249
10339
35420
35875
10538
25745
41720
16678
16184
41556
26415
10412
35454
36026
10656
25767
41835
16831
16220
41626
26581
10486
35489
36177
10774
25789
41950
16985
16257
41696
26748
10560
35524
36329
10892
25812
42065
17139
16295
41767
26914
10634
35559
36481
11012
25835
42180
17293
16333
41837
27081
10709
35595
36632
11132
25858
42294
17448
16372
41907
27248
10785
35630
36784
11252
25881
42409
17604
16410
41977
27416
10861
35665
36936
11373
25905
42524
17760
16450
42047
27584
10938
35700
37088
11494
25928
42638
17916
16490
42117
27751
11015
35736
37240
11616
25952
42753
18073
16530
42187
27919
11093
35771
37391
11739
25977
42867
18230
16571
42257
28088
11172
35807
37543
11862
26001
42981
18387
16612
42327
28256
11251
35842
37695
11985
26026
43095
18545
16653
42397
28425
11330
35878
37847
12109
26051
43210
18703
16695
42466
28594
11410
35914
37999
12234
26076
43324
18862
16738
42536
28763
11491
35950
38151
12359
26102
43437
19021
16780
42605
28932
11572
35985
38303
12484
26127
43551
19180
16824
42675
29101
11653
36021
38455
12611
26153
43665
19340
16867
42744
29271
11735
36057
38607
12737
26180
43779
19500
16911
42813
29441
11818
36093
38759
12864
26206
43892
19660
16956
42883
29611
11901
36129
38911
12992
26233
44005
19821
17001
42952
29781
11985
36165
39063
13120
26260
44119
19982
17046
43021
29951
12069
36201
39215
13248
26287
44232
20144
17091
43089
30121
12153
36237
39367
13377
26314
44345
20305
17137
43158
30292
12238
36273
39519
13507
26342
44458
20467
17184
43227
30463
12324
36309
39670
13636
26369
44570
20630
17231
43295
30634
12410
36345
39822
13767
26397
44683
20793
17278
43364
30804
12496
36381
39974
13898
26425
44796
20956
17326
43432
30976
12583
36417
40125
14029
26454
44908
21119
17374
43500
31147
12671
36454
40277
14161
26482
45020
21283
17422
43568
31318
12759
36490
40428
14293
26511
45132
21447
17471
43636
31489
12847
36526
40580
14425
26540
45244
21611
17520
43704
31661
12936
36562
40731
14558
26569
45355
21776
17569
43771
31832
13025
36598
40883
14692
26599
45467
21941
17619
43839
32004
13115
36634
41034
14825
26628
45578
22106
17669
43906
32176
13205
36671
41185
14960
26658
45689
22271
17720
43973
32348
13296
36707
41336
15094
26688
45800
22437
17771
44040
32520
13387
36743
41487
15229
26718
45911
22603
17822
44107
32692
13479
36779
41638
15365
26748
46022
22769
17874
44174
32864
13570
36815
41788
15501
26779
46132
22936
17926
44241
33036
13663
36851
41939
15637
26809
46242
23103
17978
44307
33208
13756
36887
42089
15774
26840
46352
23269
18031
44373
33380
13849
36923
42240
15911
26871
46462
23437
18084
44439
33552
13943
36959
42390
16048
26902
46571
23604
18137
44505
33725
14037
36995
42540
16186
26933
46681
23772
18191
44571
33897
14131
37031
42690
16324
26965
46790
23940
18245
44636
34069
14226
37067
42840
16463
26997
46899
24108
18299
44702
34242
14321
37103
42989
16601
27028
47007
24276
18354
44767
34414
14417
37139
43139
16741
27060
47116
24445
18409
44832
34586
14513
37175
43288
16880
27092
47224
24613
18464
44897
34759
14610
37210
43437
17020
27125
47332
24782
18519
44961
34931
14707
37246
43586
17160
27157
47440
24951
18575
45026
35104
14804
37282
43735
17301
27190
47547
25121
18632
45090
35276
14902
37317
43883
17442
27222
47654
25290
18688
45154
35448
15000
37353
44032
17583
27255
47761
25460
18745
45217
35621
15098
37388
44180
17725
27288
47868
25630
18802
45281
35793
15197
37424
44328
17867
27321
47974
25800
18859
45344
35965
15296
37459
44476
18009
27354
48080
25970
18917
45407
36137
15395
37494
44624
18151
27387
48186
26140
18975
45470
36309
15495
37529
44771
18294
27421
48292
26311
19033
45533
36482
15595
37565
44918
18437
27454
48397
26481
19092
45595
36654
15696
37600
45065
18581
27488
48502
26652
19151
45657
36826
15797
37635
45212
18725
27522
48607
26823
19210
45719
36998
15898
37669
45359
18869
27556
48711
26994
19269
45781
37170
16000
37704
45505
19013
27590
48815
27165
19329
45843
37341
16102
37739
45651
19157
27624
48919
27336
19389
45904
37513
16204
37774
45797
19302
27658
49023
27507
19449
45965
37685
16306
37808
45942
19447
27693
49126
27679
19510
46025
37856
16409
37842
46088
19593
27727
49229
27850
19570
46086
38028
16512
37877
46233
19738
27761
49331
28022
19631
46146
38199
16616
37911
46378
19884
27796
49433
28194
19692
46206
38370
16720
37945
46522
20030
27831
49535
28365
19754
46266
38541
16824
37979
46666
20176
27866
49637
28537
19816
46325
38712
16928
38013
46810
20323
27900
49738
28709
19878
46384
38883
17033
38047
46954
20470
27935
49839
28881
19940
46443
39054
17138
38081
47098
20617
27970
49940
29053
20002
46502
39224
17243
38114
47241
20764
28006
50040
29226
20065
46560
39395
17349
38148
47384
20911
28041
50140
29398
20128
46618
39565
17455
38181
47526
21059
28076
50239
29570
20191
46676
39735
17561
38214
47668
21207
28111
50338
29742
20254
46733
39905
17667
38247
47810
21355
28147
50437
29914
20318
46790
40075
17774
38280
47952
21503
28182
50535
30087
20381
46847
40245
17881
38313
48093
21652
28218
50633
30259
20445
46903
40414
17988
38345
48234
21800
28253
50731
30431
20509
46960
40584
18095
38378
48375
21949
28289
50828
30604
20574
47016
40753
18203
38410
48515
22098
28325
50925
30776
20638
47071
40922
18311
38443
48655
22247
28360
51022
30949
20703
47126
41090
18419
38475
48794
22396
28396
51118
31121
20768
47181
41259
18528
38507
48934
22546
28432
51214
31293
20833
47236
41427
18636
38538
49072
22695
28468
51309
31466
20899
47290
41595
18745
38570
49211
22845
28504
51404
31638
20964
47344
41763
18854
38602
49349
22995
28540
51498
31810
21030
47398
41931
18964
38633
49487
23145
28576
51592
31983
21096
47451
42098
19073
38664
49624
23295
28612
51686
32155
21162
47504
42266
19183
38695
49761
23446
28648
51779
32327
21228
47557
42432
19293
38726
49898
23596
28684
51872
32499
21294
47609
42599
19403
38756
50034
23747
28720
51965
32671
21361
47661
42766
19513
38787
50170
23897
28756
52056
32843
21428
47713
42932
19624
38817
50306
24048
28792
52148
33015
21495
47764
43098
19735
38847
50441
24199
28828
52239
33187
21562
47815
43264
19846
38877
50575
24350
28864
52330
33359
21629
47866
43429
19957
38907
50710
24501
28901
52420
33531
21696
47916
43594
20068
38936
50843
24652
28937
52510
33703
21764
47966
43759
20180
38966
50977
24804
28973
52599
33874
21831
48015
43924
20291
38995
51110
24955
29009
52688
34046
21899
48064
44088
20403
39024
51242
25107
29045
52776
34217
21967
48113
44252
20515
39053
51374
25258
29081
52864
34388
22035
48161
44416
20627
39081
51506
25410
29118
52952
34559
22103
48209
44579
20739
39110
51637
25561
29154
53039
34731
22171
48257
44742
20852
39138
51768
25713
29190
53125
34901
22240
48304
44905
20965
39166
51899
25865
29226
53211
35072
22308
48351
45068
21077
39193
52028
26016
29262
53297
35243
22377
48398
45230
21190
39221
52158
26168
29298
53382
35414
22446
48444
45391
21303
39248
52287
26320
29334
53466
35584
22514
48489
45553
21416
39275
52415
26472
29370
53550
35754
22583
48534
45714
21530
39302
52543
26624
29406
53634
35924
22652
48579
45875
21643
39329
52671
26776
29442
53717
36094
22722
48624
46035
21756
39355
52798
26928
29478
53800
36264
22791
48668
46195
21870
39382
52924
27080
29514
53882
36434
22860
48711
46355
21984
39408
53051
27232
29550
53963
36603
22930
48755
46514
22098
39433
53176
27384
29585
54044
36772
22999
48797
46673
22211
39459
53301
27536
29621
54125
36941
23069
48840
46832
22325
39484
53426
27688
29657
54205
37110
23138
48882
46990
22440
39509
53550
27840
29693
54284
37279
23208
48923
47148
22554
39534
53673
27992
29728
54363
37447
23278
48964
47305
22668
39558
53796
28144
29764
54442
37616
23348
49005
47462
22782
39583
53919
28295
29799
54520
37784
23418
49045
47619
22897
39607
54041
28447
29835
54597
37951
23488
49085
47775
23011
39630
54162
28599
29870
54674
38119
23558
49125
47931
23126
39654
54283
28751
29905
54750
38287
23628
49163
48087
23241
39677
54403
28903
29940
54826
38454
23698
49202
48242
23355
39700
54523
29054
29976
54901
38621
23768
49240
48396
23470
39723
54643
29206
30011
54975
38787
23839
49278
48550
23585
39746
54761
29358
30046
55049
38954
23909
49315
48704
23700
39768
54879
29509
30081
55123
39120
23979
49351
48857
23815
39790
54997
29660
30115
55196
39286
24050
49388
49010
23929
39811
55114
29812
30150
55268
39451
24120
49424
49162
24044
39833
55230
29963
30185
55340
39617
24190
49459
49314
24159
39854
55346
30114
30219
55411
39782
24261
49494
49466
24274
39875
55462
30265
30254
55481
39947
24331
49528
49616
24389
39895
55576
30416
30288
55551
40111
24402
49562
49767
24505
39916
55691
30567
30323
55621
40276
24472
49595
49917
24620
39936
55804
30718
30357
55690
40440
24543
49628
50066
24735
39955
55917
30869
30391
55758
40603
24614
49661
50216
24850
39975
56029
31019
30425
55826
40767
24684
49693
50364
24965
39994
56141
31170
30459
55893
40930
24755
49725
50512
25080
40013
56252
31320
30492
55959
41093
24825
49756
50660
25195
40031
56363
31470
30526
56025
41255
24896
49786
50807
25310
40050
56473
31620
30560
56090
41417
24966
49816
50953
25425
40067
56582
31770
30593
56155
41579
25037
49846
51099
25540
40085
56691
31920
30626
56219
41740
25107
49875
51245
25655
40102
56799
32070
30659
56282
41902
25178
49904
51390
25770
40119
56906
32219
30693
56345
42062
25248
49932
51534
25885
40136
57013
32369
30725
56407
42223
25319
49959
51678
26000
40153
57119
32518
30758
56469
42383
25389
49986
51822
26115
40169
57225
32667
30791
56529
42543
25460
50013
51965
26230
40184
57329
32816
30823
56590
42702
25530
50039
52107
26344
40200
57434
32964
30856
56649
42861
25600
50065
52249
26459
40215
57537
33113
30888
56708
43019
25671
50090
52390
26574
40230
57640
33261
30920
56767
43178
25741
50114
52531
26688
40244
57742
33409
30952
56824
43336
25811
50138
52671
26803
40259
57844
33557
30984
56881
43493
25881
50162
52810
26917
40272
57945
33705
31016
56938
43650
25951
50185
52949
27032
40286
58045
33852
31047
56993
43807
26022
50207
53087
27146
40299
58145
34000
31079
57049
43963
26092
50229
53225
27260
40312
58243
34147
31110
57103
44119
26161
50251
53362
27375
40325
58342
34294
31141
57157
44274
26231
50272
53499
27489
40337
58439
34440
31172
57210
44430
26301
50292
53635
27603
40349
58536
34587
31202
57262
44584
26371
50312
53771
27717
40360
58632
34733
31233
57314
44738
26441
50331
53905
27830
40371
58728
34879
31263
57365
44892
26510
50350
54040
27944
40382
58822
35025
31294
57416
45046
26580
50368
54173
28058
40392
58916
35170
31324
57465
45198
26649
50386
54306
28171
40403
59010
35315
31354
57514
45351
26719
50403
54439
28285
40412
59102
35460
31383
57563
45503
26788
50420
54570
28398
40422
59194
35605
31413
57610
45655
26857
50436
54701
28511
40431
59285
35749
31442
57657
45806
26926
50451
54832
28624
40440
59376
35894
31471
57704
45956
26995
50466
54962
28737
40448
59466
36038
31500
57749
46107
27064
50480
55091
28850
40456
59555
36181
31529
57794
46256
27133
50494
55220
28962
40463
59643
36325
31558
57839
46405
27202
50508
55348
29075
40471
59730
36468
31586
57882
46554
27270
50520
55475
29187
40478
59817
36611
31614
57925
46703
27339
50533
55601
29299
40484
59903
36753
31642
57967
46850
27407
50544
55727
29411
40490
59989
36895
31670
58008
46998
27475
50555
55853
29523
40496
60073
37037
31698
58049
47144
27543
50566
55977
29635
40502
60157
37179
31725
58089
47291
27611
50576
56101
29746
40507
60240
37320
31752
58128
47437
27679
50585
56225
29858
40511
60322
37461
31779
58167
47582
27747
50594
56347
29969
40516
60404
37602
31806
58205
47727
27815
50602
56469
30080
40519
60485
37742
31833
58242
47871
27882
50609
56590
30191
40523
60565
37882
31859
58278
48015
27950
50617
56711
30302
40526
60644
38022
31885
58314
48158
28017
50623
56831
30412
40529
60722
38161
31911
58349
48301
28084
50629
56950
30522
40531
60800
38300
31937
58383
48443
28151
50634
57068
30632
40533
60877
38439
31963
58417
48584
28218
50639
57186
30742
40535
60953
38577
31988
58449
48725
28284
50643
57303
30852
40536
61029
38715
32013
58481
48866
28351
50647
57419
30962
40537
61103
38853
32038
58513
49006
28417
50650
57535
31071
40537
61177
38990
32063
58543
49145
28483
50652
57650
31180
40538
61250
39127
32087
58573
49284
28549
50654
57764
31289
40537
61322
39264
32111
58602
49422
28615
50655
57877
31398
40536
61394
39400
32135
58630
49560
28681
50656
57990
31506
40535
61464
39536
32159
58658
49697
28746
50656
58102
31614
40534
61534
39671
32182
58685
49834
28812
50655
58213
31722
40532
61603
39806
32205
58711
49970
28877
50654
58324
31830
40530
61671
39941
32228
58736
50105
28942
50652
58433
31938
40527
61739
40075
32251
58761
50240
29007
50650
58542
32045
40524
61805
40209
32274
58785
50374
29071
50647
58650
32152
40520
61871
40342
32296
58808
50508
29136
50643
58758
32259
40516
61936
40475
32318
58830
50641
29200
50639
58865
32365
40512
62000
40608
32340
58851
50773
29264
50634
58971
32472
40507
62063
40740
32361
58872
50905
29328
50629
59076
32578
40502
62126
40872
32382
58892
51036
29392
50623
59180
32684
40496
62187
41003
32403
58911
51167
29455
50616
59284
32789
40490
62248
41134
32424
58930
51297
29518
50609
59387
32894
40484
62308
41265
32445
58948
51426
29581
50601
59489
33000
40477
62367
41395
32465
58964
51555
29644
50593
59590
33104
40470
62425
41525
32485
58981
51683
29707
50584
59690
33209
40462
62483
41654
32504
58996
51811
29769
50574
59790
33313
40454
62539
41783
32524
59011
51937
29832
50564
59889
33417
40446
62595
41911
32543
59024
52064
29894
50553
59987
33520
40437
62650
42039
32562
59037
52189
29956
50542
60085
33624
40427
62704
42167
32581
59050
52314
30017
50529
60181
33727
40418
62757
42294
32599
59061
52438
30079
50517
60277
33830
40407
62810
42420
32617
59072
52562
30140
50503
60372
33932
40397
62861
42546
32635
59082
52685
30201
50489
60466
34034
40386
62912
42672
32652
59091
52807
30261
50475
60559
34136
40374
62962
42797
32670
59099
52929
30322
50460
60652
34238
40363
63010
42922
32687
59107
53049
30382
50444
60743
34339
40350
63058
43046
32703
59113
53170
30442
50427
60834
34440
40338
63106
43170
32720
59119
53289
30502
50410
60924
34541
40324
63152
43293
32736
59125
53408
30562
50393
61013
34641
40311
63197
43416
32752
59129
53526
30621
50374
61102
34741
40297
63242
43538
32767
59132
53644
30680
50355
61189
34841
40282
63286
43660
32783
59135
53761
30739
50336
61276
34940
40267
63328
43781
32798
59137
53877
30797
50315
61362
35039
40252
63370
43902
32813
59138
53992
30856
50295
61447
35138
40236
63411
44022
32827
59139
54107
30914
50273
61531
35236
40220
63452
44142
32841
59138
54221
30971
50251
61614
35334
40204
63491
44261
32855
59137
54334
31029
50228
61696
35432
40187
63529
44380
32869
59135
54447
31086
50205
61778
35529
40169
63567
44498
32882
59132
54559
31143
50181
61859
35626
40151
63603
44616
32895
59129
54670
31200
50156
61939
35723
40133
63639
44733
32907
59124
54781
31257
50131
62018
35819
40114
63674
44849
32920
59119
54890
31313
50105
62096
35915
40095
63708
44966
32932
59113
54999
31369
50079
62173
36010
40075
63741
45081
32944
59106
55108
31425
50052
62250
36105
40055
63773
45196
32955
59098
55215
31480
50024
62325
36200
40034
63804
45311
32966
59090
55322
31535
49995
62400
36295
40013
63835
45425
32977
59081
55428
31590
49966
62474
36389
39992
63864
45538
32988
59071
55534
31645
49937
62547
36483
39970
63893
45651
32998
59060
55638
31699
49906
62619
36576
39948
63920
45763
33008
59048
55742
31753
49875
62690
36669
39925
63947
45875
33018
59035
55845
31807
49844
62760
36762
39902
63973
45986
33027
59022
55948
31860
49812
62830
36854
39878
63998
46097
33036
59008
56049
31913
49779
62898
36946
39854
64022
46207
33045
58993
56150
31966
49745
62966
37037
39830
64045
46316
33053
58977
56250
32019
49711
63033
37128
39805
64067
46425
33061
58961
56350
32071
49676
63098
37219
39779
64088
46534
33069
58943
56448
32123
49641
63163
37309
39753
64109
46642
33076
58925
56546
32175
49605
63228
37399
39727
64128
46749
33083
58906
56643
32226
49568
63291
37488
39700
64146
46855
33090
58886
56739
32277
49531
63353
37577
39673
64164
46962
33097
58866
56835
32328
49493
63414
37666
39645
64181
47067
33103
58844
56929
32379
49455
63475
37754
39617
64197
47172
33109
58822
57023
32429
49415
63534
37842
39589
64211
47276
33114
58799
57117
32479
49376
63593
37930
39560
64225
47380
33120
58775
57209
32528
49335
63651
38017
39530
64238
47483
33125
58750
57301
32578
49294
63708
38103
39501
64250
47585
33129
58724
57391
32627
49252
63763
38189
39470
64262
47687
33133
58698
57481
32675
49210
63818
38275
39439
64272
47789
33137
58671
57571
32724
49167
63873
38361
39408
64281
47889
33141
58643
57659
32772
49123
63926
38445
39377
64289
47989
33144
58614
57747
32819
49079
63978
38530
39345
64297
48089
33147
58584
57833
32867
49034
64029
38614
39312
64303
48188
33150
58554
57919
32914
48988
64080
38698
39279
64309
48286
33152
58522
58005
32961
48942
64129
38781
39246
64314
48384
33154
58490
58089
33007
48895
64178
38864
39212
64317
48481
33156
58457
58173
33053
48848
64225
38946
39177
64320
48577
33157
58424
58255
33099
48800
64272
39028
39143
64322
48673
33158
58389
58337
33144
48751
64318
39109
39107
64323
48768
33159
58354
58418
33190
48702
64362
39190
39072
64323
48862
33159
58318
58499
33234
48652
64406
39271
39036
64322
48956
33159
58280
58578
33279
48601
64449
39351
38999
64320
49049
33159
58243
58657
33323
48550
64491
39431
38962
64317
49142
33158
58204
58735
33367
48498
64532
39510
38925
64314
49234
33157
58165
58812
33410
48446
64573
39589
38887
64309
49325
33156
58124
58888
33453
48393
64612
39667
38849
64303
49416
33154
58083
58963
33496
48339
64650
39745
38810
64297
49506
33152
58041
59038
33538
48285
64687
39822
38771
64289
49595
33150
57999
59112
33581
48230
64724
39899
38731
64281
49684
33147
57955
59185
33622
48174
64759
39975
38691
64272
49772
33144
57911
59257
33664
48118
64794
40051
38650
64261
49859
33141
57865
59328
33705
48061
64827
40127
38609
64250
49946
33138
57820
59398
33746
48003
64860
40202
38568
64238
50032
33134
57773
59468
33786
47945
64891
40276
38526
64225
50118
33129
57725
59536
33826
47887
64922
40351
38484
64211
50202
33125
57677
59604
33866
47827
64952
40424
38441
64196
50286
33120
57627
59671
33905
47767
64981
40497
38398
64180
50370
33114
57577
59737
33944
47707
65008
40570
38354
64163
50453
33109
57527
59803
33983
47645
65035
40642
38310
64145
50535
33103
57475
59867
34021
47584
65061
40714
38266
64127
50616
33096
57423
59931
34059
47521
65086
40785
38221
64107
50697
33090
57369
59993
34096
47458
65110
40856
38176
64086
50777
33083
57315
60055
34134
47394
65133
40926
38130
64065
50856
33075
57260
60116
34171
47330
65156
40996
38084
64043
50935
33068
57205
60176
34207
47265
65177
41065
38037
64019
51013
33060
57148
60236
34243
47200
65197
41134
37990
63995
51090
33051
57091
60294
34279
47134
65216
41202
37942
63970
51167
33043
57033
60352
34314
47067
65234
41270
37895
63943
51243
33034
56974
60408
34350
47000
65252
41337
37846
63916
51318
33025
56914
60464
34384
46932
65268
41404
37797
63888
51393
33015
56854
60519
34419
46863
65284
41471
37748
63859
51467
33005
56793
60573
34453
46794
65298
41536
37699
63829
51540
32995
56731
60626
34486
46724
65312
41602
37649
63799
51612
32984
56668
60679
34520
46654
65324
41667
37598
63767
51684
32973
56604
60730
34552
46583
65336
41731
37547
63734
51755
32962
56540
60781
34585
46512
65346
41795
37496
63700
51826
32950
56474
60831
34617
46439
65356
41858
37444
63666
51895
32938
56408
60880
34649
46367
65365
41921
37392
63630
51965
32926
56342
60928
34680
46293
65372
41983
37339
63594
52033
32913
56274
60975
34711
46220
65379
42045
37286
63557
52100
32900
56206
61021
34742
46145
65385
42106
37233
63518
52167
32887
56137
61066
34773
46070
65390
42167
37179
63479
52234
32873
56067
61111
34803
45994
65394
42227
37125
63439
52299
32859
55996
61155
34832
45918
65397
42287
37070
63398
52364
32845
55924
61197
34861
45841
65399
42346
37015
63356
52428
32830
55852
61239
34890
45764
65400
42405
36960
63313
52491
32815
55779
61280
34919
45686
65400
42463
36904
63270
52554
32800
55705
61320
34947
45607
65399
42521
36847
63225
52616
32784
55631
61360
34975
45528
65397
42578
36791
63179
52677
32768
55555
61398
35002
45448
65394
42635
36733
63133
52738
32752
55479
61435
35029
45368
65390
42691
36676
63085
52798
32735
55402
61472
35056
45287
65386
42747
36618
63037
52857
32718
55325
61508
35082
45206
65380
42802
36560
62987
52915
32701
55246
61542
35108
45124
65373
42856
36501
62937
52973
32683
55167
61576
35133
45041
65366
42910
36442
62886
53030
32665
55087
61609
35159
44958
65357
42964
36382
62834
53086
32647
55006
61642
35183
44874
65348
43017
36322
62781
53142
32628
54925
61673
35208
44790
65337
43069
36262
62727
53196
32609
54843
61703
35232
44705
65326
43121
36201
62673
53250
32590
54760
61733
35255
44620
65313
43173
36140
62617
53304
32571
54676
61761
35279
44534
65300
43224
36079
62560
53356
32551
54591
61789
35302
44447
65286
43274
36017
62503
53408
32531
54506
61816
35324
44360
65270
43324
35954
62445
53460
32510
54420
61842
35346
44273
65254
43373
35892
62385
53510
32489
54334
61867
35368
44185
65237
43422
35829
62325
53560
32468
54246
61891
35389
44096
65219
43470
35765
62264
53609
32447
54158
61915
35411
44007
65200
43518
35701
62202
53657
32425
54069
61937
35431
43917
65180
43565
35637
62139
53705
32403
53979
61958
35451
43827
65159
43612
35573
62076
53751
32380
53889
61979
35471
43736
65137
43658
35508
62011
53797
32358
53798
61999
35491
43644
65114
43703
35442
61946
53843
32334
53706
62018
35510
43553
65090
43749
35377
61879
53887
32311
53613
62036
35529
43460
65065
43793
35311
61812
53931
32287
53520
62053
35547
43367
65040
43837
35244
61744
53975
32263
53426
62069
35565
43274
65013
43881
35177
61675
54017
32239
53331
62084
35583
43180
64985
43923
35110
61605
54059
32215
53236
62099
35600
43085
64957
43966
35043
61534
54100
32190
53140
62112
35617
42990
64927
44008
34975
61462
54140
32164
53043
62125
35634
42894
64897
44049
34906
61390
54179
32139
52945
62137
35650
42798
64866
44090
34838
61316
54218
32113
52847
62148
35666
42702
64833
44130
34769
61242
54256
32087
52748
62158
35681
42605
64800
44170
34699
61167
54294
32060
52648
62167
35696
42507
64766
44209
34630
61091
54330
32034
52548
62175
35711
42409
64731
44248
34560
61014
54366
32007
52446
62182
35725
42310
64695
44286
34489
60936
54401
31979
52345
62189
35739
42211
64658
44323
34419
60858
54436
31952
52242
62194
35753
42112
64620
44360
34348
60778
54469
31924
52139
62199
35766
42012
64581
44397
34276
60698
54502
31896
52035
62203
35779
41911
64541
44433
34204
60617
54534
31867
51931
62206
35791
41810
64501
44468
34132
60535
54566
31838
51825
62208
35803
41708
64459
44503
34060
60452
54597
31809
51719
62209
35815
41606
64416
44537
33987
60368
54627
31780
51613
62209
35826
41504
64373
44571
33914
60284
54656
31750
51505
62209
35837
41401
64329
44605
33840
60198
54685
31720
51398
62207
35848
41297
64283
44637
33767
60112
54712
31690
51289
62205
35858
41193
64237
44669
33693
60025
54739
31659
51180
62202
35868
41089
64190
44701
33618
59937
54766
31628
51070
62198
35878
40984
64142
44732
33543
59848
54791
31597
50959
62193
35887
40879
64093
44763
33468
59759
54816
31566
50848
62187
35896
40773
64043
44793
33393
59669
54840
31534
50736
62180
35904
40667
63992
44822
33317
59577
54864
31502
50623
62173
35912
40560
63941
44851
33241
59485
54887
31470
50510
62164
35920
40453
63888
44880
33165
59392
54909
31437
50396
62155
35927
40345
63835
44908
33088
59299
54930
31405
50282
62145
35934
40237
63780
44935
33012
59204
54950
31372
50167
62134
35941
40128
63725
44962
32934
59109
54970
31338
50051
62122
35947
40020
63669
44988
32857
59013
54989
31305
49935
62109
35953
39910
63612
45014
32779
58916
55008
31271
49818
62095
35959
39800
63554
45039
32701
58818
55025
31237
49700
62081
35964
39690
63495
45064
32622
58720
55042
31202
49582
62065
35969
39579
63435
45088
32544
58621
55058
31168
49463
62049
35973
39468
63375
45112
32465
58521
55074
31133
49343
62032
35977
39357
63313
45135
32385
58420
55088
31097
49223
62014
35981
39245
63251
45158
32306
58318
55102
31062
49102
61995
35984
39132
63187
45180
32226
58216
55116
31026
48981
61976
35988
39020
63123
45201
32146
58112
55128
30990
48859
61955
35990
38907
63058
45222
32066
58008
55140
30954
48737
61934
35993
38793
62992
45243
31985
57904
55151
30918
48614
61912
35995
38679
62926
45263
31904
57798
55162
30881
48490
61889
35996
38565
62858
45282
31823
57692
55171
30844
48366
61865
35998
38450
62789
45301
31741
57585
55180
30807
48241
61840
35999
38335
62720
45320
31660
57477
55188
30769
48115
61814
35999
38219
62650
45337
31578
57368
55196
30732
47989
61788
36000
38103
62579
45355
31495
57259
55203
30694
47863
61761
36000
37987
62507
45372
31413
57149
55209
30656
47735
61733
35999
37870
62434
45388
31330
57038
55214
30617
47608
61704
35999
37753
62360
45404
31247
56927
55219
30579
47479
61674
35997
37635
62286
45419
31164
56814
55223
30540
47350
61643
35996
37518
62211
45434
31080
56701
55226
30501
47221
61612
35994
37399
62134
45448
30997
56587
55229
30461
47091
61579
35992
37281
62057
45461
30913
56473
55231
30422
46960
61546
35990
37162
61980
45475
30828
56357
55232
30382
46829
61512
35987
37043
61901
45487
30744
56241
55232
30342
46698
61478
35984
36923
61821
45499
30659
56125
55232
30302
46566
61442
35981
36803
61741
45511
30574
56007
55231
30261
46433
61406
35977
36683
61660
45522
30489
55889
55229
30221
46300
61368
35973
36562
61578
45533
30404
55770
55227
30180
46166
61330
35968
36441
61495
45543
30318
55651
55224
30139
46032
61291
35964
36320
61411
45552
30233
55530
55220
30097
45897
61252
35959
36198
61327
45562
30147
55409
55216
30056
45761
61211
35953
36076
61242
45570
30060
55288
55210
30014
45626
61170
35948
35954
61155
45578
29974
55165
55205
29972
45489
61128
35942
35831
61069
45586
29887
55042
55198
29930
45352
61085
35935
35708
60981
45593
29800
54918
55191
29888
45215
61041
35929
35585
60892
45599
29713
54794
55183
29845
45077
60997
35922
35461
60803
45605
29626
54669
55174
29802
44939
60951
35915
35337
60713
45611
29539
54543
55165
29759
44800
60905
35907
35213
60622
45616
29451
54417
55155
29716
44661
60858
35899
35089
60530
45620
29364
54289
55144
29673
44521
60811
35891
34964
60438
45625
29276
54162
55133
29630
44381
60762
35882
34839
60345
45628
29187
54033
55121
29586
44240
60713
35874
34714
60251
45631
29099
53904
55108
29542
44099
60663
35864
34588
60156
45634
29011
53774
55095
29498
43957
60612
35855
34462
60060
45636
28922
53644
55081
29454
43815
60560
35845
34336
59964
45637
28833
53513
55066
29409
43673
60508
35835
34209
59867
45638
28744
53381
55051
29365
43530
60455
35825
34083
59769
45639
28655
53249
55035
29320
43386
60401
35814
33956
59670
45639
28566
53116
55018
29275
43242
60346
35803
33829
59571
45639
28476
52982
55001
29230
43098
60290
35792
33701
59471
45638
28387
52848
54983
29185
42953
60234
35781
33573
59370
45637
28297
52713
54964
29139
42808
60177
35769
33445
59268
45635
28207
52577
54945
29094
42662
60119
35757
33317
59166
45632
28117
52441
54924
29048
42516
60061
35745
33189
59063
45630
28027
52305
54904
29002
42370
60001
35732
33060
58959
45626
27937
52167
54882
28956
42223
59941
35719
32931
58854
45623
27846
52029
54860
28910
42076
59880
35706
32802
58749
45619
27755
51891
54838
28864
41928
59819
35692
32672
58643
45614
27665
51752
54814
28817
41780
59757
35679
32543
58536
45609
27574
51612
54791
28770
41632
59694
35664
32413
58429
45603
27483
51472
54766
28724
41483
59630
35650
32283
58320
45597
27392
51331
54741
28677
41333
59565
35636
32153
58212
45591
27301
51190
54715
28630
41184
59500
35621
32022
58102
45584
27210
51048
54688
28583
41034
59434
35606
31892
57992
45576
27118
50905
54661
28535
40883
59367
35590
31761
57881
45568
27027
50762
54633
28488
40733
59300
35575
31630
57769
45560
26935
50618
54605
28440
40581
59232
35559
31498
57656
45551
26843
50474
54576
28393
40430
59163
35542
31367
57543
45542
26752
50329
54546
28345
40278
59093
35526
31235
57430
45532
26660
50184
54516
28297
40126
59023
35509
31104
57315
45522
26568
50038
54485
28249
39974
58952
35492
30972
57200
45511
26476
49892
54453
28201
39821
58880
35475
30840
57084
45500
26384
49745
54421
28152
39667
58808
35458
30707
56968
45489
26292
49597
54388
28104
39514
58735
35440
30575
56851
45477
26199
49449
54355
28055
39360
58661
35422
30442
56733
45464
26107
49301
54321
28007
39206
58586
35404
30310
56614
45451
26015
49152
54286
27958
39051
58511
35385
30177
56495
45438
25922
49002
54251
27909
38897
58435
35367
30044
56375
45424
25830
48852
54215
27860
38741
58358
35348
29911
56255
45410
25737
48702
54179
27811
38586
58281
35329
29777
56134
45396
25644
48551
54142
27762
38430
58203
35309
29644
56012
45381
25552
48399
54104
27713
38274
58125
35290
29511
55890
45365
25459
48247
54066
27664
38118
58045
35270
29377
55767
45349
25366
48095
54027
27615
37961
57965
35250
29243
55643
45333
25274
47942
53988
27565
37805
57885
35229
29109
55519
45316
25181
47789
53948
27516
37647
57803
35209
28975
55394
45299
25088
47635
53907
27466
37490
57721
35188
28841
55269
45282
24995
47480
53866
27417
37332
57639
35167
28707
55143
45264
24902
47325
53824
27367
37174
57556
35146
28573
55016
45245
24809
47170
53782
27317
37016
57472
35124
28439
54889
45226
24716
47015
53739
27267
36858
57387
35103
28304
54761
45207
24624
46858
53696
27217
36699
57302
35081
28170
54633
45188
24531
46702
53651
27168
36540
57216
35059
28035
54504
45168
24438
46545
53607
27118
36381
57129
35037
27900
54374
45147
24345
46387
53562
27067
36222
57042
35014
27766
54244
45126
24252
46229
53516
27017
36062
56955
34991
27631
54113
45105
24159
46071
53470
26967
35902
56866
34969
27496
53982
45084
24066
45912
53423
26917
35742
56777
34946
27361
53850
45062
23973
45753
53375
26867
35582
56688
34922
27226
53718
45039
23880
45594
53327
26817
35421
56597
34899
27091
53585
45017
23787
45434
53279
26766
35261
56507
34875
26956
53451
44993
23694
45274
53230
26716
35100
56415
34851
26821
53317
44970
23602
45113
53180
26666
34939
56323
34827
26686
53182
44946
23509
44952
53130
26615
34778
56230
34803
26551
53047
44922
23416
44790
53079
26565
34616
56137
34779
26416
52911
44897
23323
44629
53028
26514
34455
56043
34754
26281
52775
44872
23231
44466
52976
26464
34293
55949
34729
26145
52638
44846
23138
44304
52924
26413
34131
55854
34704
26010
52501
44821
23046
44141
52871
26363
33969
55758
34679
25875
52363
44795
22953
43978
52818
26312
33806
55662
34654
25740
52225
44768
22861
43814
52764
26262
33644
55565
34629
25605
52086
44741
22768
43650
52710
26211
33481
55468
34603
25469
51947
44714
22676
43486
52655
26161
33319
55370
34577
25334
51807
44686
22584
43321
52600
26110
33156
55272
34551
25199
51667
44658
22491
43156
52544
26060
32993
55173
34525
25064
51526
44630
22399
42991
52487
26009
32830
55073
34499
24929
51385
44601
22307
42825
52430
25959
32667
54973
34473
24794
51243
44572
22215
42659
52373
25909
32503
54872
34446
24659
51101
44543
22123
42493
52315
25858
32340
54771
34420
24524
50958
44513
22032
42326
52257
25808
32176
54669
34393
24389
50815
44483
21940
42160
52198
25757
32013
54567
34366
24254
50671
44453
21848
41993
52139
25707
31849
54464
34339
24119
50527
44422
21757
41825
52079
25657
31685
54361
34311
23985
50382
44391
21666
41657
52018
25606
31521
54257
34284
23850
50237
44360
21574
41489
51958
25556
31357
54153
34257
23715
50092
44328
21483
41321
51896
25506
31193
54048
34229
23581
49946
44296
21392
41153
51835
25455
31029
53942
34201
23446
49800
44264
21301
40984
51772
25405
30865
53836
34173
23312
49653
44231
21210
40815
51710
25355
30700
53730
34145
23178
49506
44198
21120
40646
51647
25305
30536
53623
34117
23043
49358
44165
21029
40476
51583
25255
30372
53516
34089
22909
49210
44131
20939
40306
51519
25205
30207
53408
34060
22775
49062
44097
20849
40136
51454
25155
30043
53299
34032
22641
48913
44063
20759
39966
51389
25105
29878
53191
34003
22507
48764
44028
20669
39796
51324
25056
29714
53081
33975
22374
48614
43993
20579
39625
51258
25006
29549
52971
33946
22240
48464
43958
20489
39454
51192
24956
29385
52861
33917
22107
48314
43923
20400
39283
51125
24907
29220
52750
33888
21973
48163
43887
20310
39112
51058
24857
29056
52639
33859
21840
48012
43851
20221
38940
50990
24808
28891
52527
33829
21707
47861
43815
20132
38768
50922
24758
28726
52415
33800
21574
47709
43778
20043
38597
50854
24709
28562
52303
33771
21442
47556
43741
19955
38425
50785
24660
28397
52189
33741
21309
47404
43704
19866
38252
50716
24611
28233
52076
33712
21176
47251
43667
19778
38080
50646
24562
28068
51962
33682
21044
47098
43629
19690
37907
50576
24513
27904
51848
33652
20912
46944
43591
19602
37735
50506
24464
27739
51733
33623
20780
46790
43553
19514
37562
50435
24416
27575
51618
33593
20648
46636
43514
19427
37389
50364
24367
27411
51502
33563
20517
46481
43476
19339
37215
50292
24319
27246
51386
33533
20385
46327
43436
19252
37042
50220
24270
27082
51270
33503
20254
46171
43397
19165
36869
50147
24222
26918
51153
33472
20123
46016
43358
19079
36695
50075
24174
26754
51035
33442
19992
45860
43318
18992
36521
50001
24126
26589
50918
33412
19862
45704
43278
18906
36348
49928
24078
26426
50800
33382
19731
45547
43238
18820
36174
49854
24030
26262
50681
33351
19601
45391
43197
18734
36000
49779
23983
26098
50562
33321
19471
45234
43156
18649
35826
49705
23935
25934
50443
33290
19341
45077
43115
18563
35651
49630
23888
25770
50324
33260
19212
44919
43074
18478
35477
49554
23840
25607
50204
33229
19082
44761
43032
18394
35303
49478
23793
25443
50083
33199
18953
44603
42991
18309
35128
49402
23746
25280
49963
33168
18824
44445
42949
18225
34953
49326
23700
25117
49841
33137
18696
44286
42907
18141
34779
49249
23653
24954
49720
33107
18567
44127
42864
18057
34604
49172
23606
24791
49598
33076
18439
43968
42822
17973
34429
49094
23560
24628
49476
33045
18311
43809
42779
17890
34255
49016
23514
24465
49354
33014
18184
43650
42736
17807
34080
48938
23468
24303
49231
32984
18056
43490
42693
17724
33905
48860
23422
24140
49108
32953
17929
43330
42649
17642
33730
48781
23376
23978
48984
32922
17803
43170
42606
17560
33555
48702
23331
23816
48860
32891
17676
43009
42562
17478
33380
48622
23286
23654
48736
32860
17550
42849
42518
17396
33205
48542
23240
23492
48612
32829
17424
42688
42473
17315
33030
48462
23195
23331
48487
32798
17298
42527
42429
17234
32855
48382
23151
23169
48362
32767
